10 rem ml copy all rom chars to 12288 $3000
12 sa = 832
14 for cnt = 0 to 147
16 read a% : poke sa+cnt,a%: next cnt
18 sys sa
22 data 169,48,133,52,133,56,173,14
24 data 220,41,254,141,14,220,165,1
26 data 41,251,133,1,162,0,189,0
28 data 208,157,0,48,189,0,209,157
30 data 0,49,189,0,210,157,0,50
32 data 189,0,211,157,0,51,189,0
34 data 212,157,0,52,189,0,213,157
36 data 0,53,189,0,214,157,0,54
38 data 189,0,215,157,0,55,189,0
40 data 216,157,0,56,189,0,217,157
42 data 0,57,189,0,218,157,0,58
44 data 189,0,219,157,0,59,189,0
46 data 220,157,0,60,189,0,221,157
48 data 0,61,189,0,222,157,0,62
50 data 189,0,223,157,0,63,232,224
52 data 0,208,155,165,1,9,4,133
54 data 1,173,14,220,9,1,141,14
56 data 220,173,24,208,41,240,9,12
58 data 141,24,208,96
100 data 02,000,090,036,219,219,036,090,000 : rem character 2
105 data 03,000,036,020,247,247,020,036,000 : rem character 3
110 data 04,000,100,116,255,255,116,100,000 : rem character 4
115 data 05,000,016,020,247,247,020,016,000 : rem character 5
116 data 07,024,060,024,126,024,126,060,000 : rem character 7
118 data 09,255,255,255,255,219,231,036,036 : rem character 9
120 data 18,000,102,090,195,195,090,102,000 : rem character 18
125 data 20,000,000,126,219,255,126,052,024 : rem character 20
128 data 21,036,036,231,219,255,255,255,255 : rem character 21
130 data 22,024,090,060,219,195,060,000,000 : rem character 22
135 data 23,000,000,000,255,255,000,000,000 : rem character 23
138 rem
140 data 66,024,090,036,090,090,036,090,024 : rem character 66
145 data 67,024,024,126,000,060,090,024,024 : rem character 67
150 data 68,024,126,126,060,024,126,024,024 : rem character 68
155 data 69,024,024,024,126,000,060,024,024 : rem character 69
160 data 82,024,126,066,036,036,066,126,024 : rem character 82
165 data 84,024,060,116,252,188,116,060,024 : rem character 84
170 data 86,024,088,036,244,244,036,088,024 : rem character 86
175 data 87,024,024,024,024,024,024,024,024 : rem character 87
180 data -1
200 rem make symbols
205 read pdt:if pdt <0 then goto 220
210 for cnt=0 to 7:read dt:poke 12288+pdt*8+cnt,dt:next cnt
215 goto 205
220 rem exit make
299 end
300 rem ic
301 print "{black}uuuu{down}{left*4}";
302 print "{reverse on}{space*4}{reverse off}{down}{left*4}";
303 print "iiii"
304 return
999 poke 646,14
1000 poke 214,9:print:poke211,18:gosub 300
